0 1 2 3 4 5 0 1 0 1 2 3 4 5 0 1 0 1 2 3 6 7 0 1 0 1 2 3 4 5 0 1 8 9 2 3 4 5 8 9 0 1 0 1 0 1 0 1 2 3 4 5 10 10 2 3 11 12 0 1 0 1 8 9 2 3 8 9 2 3 8 9 2 3 8 9 2 3 0 1 8 9 0 1 11 12 11 12 0 1 10 10 2 3 13 14,
15 16 17 18 19 20 15 16 15 16 17 18 19 20 15 16 15 16 17 18 4 21 15 16 15 16 17 18 19 20 15 16 22 23 17 18 19 20 22 23 15 16 15 16 15 16 15 16 17 18 19 20 10 10 17 18 24 25 15 16 15 16 22 23 17 18 22 23 17 18 22 23 17 18 22 23 17 18 15 16 22 23 15 16 24 25 24 25 15 16 10 10 17 18 26 14,
11 12 17 18 27 28 8 9 0 1 17 18 27 28 8 9 0 1 17 18 4 5 8 9 0 1 17 18 27 28 8 9 11 12 17 18 27 28 10 10 0 1 0 1 0 1 0 1 17 18 29 30 10 10 17 18 0 1 0 1 0 1 11 12 17 18 10 10 17 18 10 10 17 18 10 10 17 18 0 1 10 10 0 1 0 1 0 1 0 1 10 10 17 18 31 32,
24 25 17 18 33 34 22 23 15 16 17 18 33 34 22 23 15 16 17 18 19 20 22 23 15 16 17 18 33 34 22 23 24 25 17 18 33 34 10 10 15 16 15 16 15 16 15 16 17 18 35 36 10 10 17 18 15 16 15 16 15 16 24 25 17 18 10 10 17 18 10 10 17 18 10 10 17 18 15 16 10 10 15 16 15 16 15 16 15 16 10 10 17 18 31 37,
0 1 17 18 29 30 10 10 0 1 17 18 27 28 10 10 0 1 17 18 27 28 10 10 0 1 17 18 27 28 10 10 0 1 17 18 27 28 10 10 0 1 0 1 38 39 40 41 42 43 44 45 46 46 46 46 47 48 49 50 0 1 0 1 17 18 10 10 17 18 10 10 17 18 10 10 17 18 8 9 10 10 0 1 38 39 40 41 46 46 44 45 42 43 31 51,
15 16 17 18 35 36 10 10 15 16 17 18 33 34 10 10 15 16 17 18 33 34 10 10 15 16 17 18 33 34 10 10 15 16 17 18 33 34 10 10 15 16 15 16 52 40 53 54 54 54 54 54 54 54 54 54 54 55 56 57 15 16 15 16 17 18 10 10 17 18 10 10 17 18 10 10 17 18 22 23 10 10 15 16 52 40 53 54 54 54 54 54 54 54 54 54,
0 1 17 18 0 1 10 10 0 1 17 18 29 30 10 10 8 9 17 18 27 28 10 10 0 1 17 18 29 30 10 10 0 1 17 18 27 28 10 10 38 39 40 41 58 53 59 60 17 18 0 1 11 12 17 18 61 62 55 63 44 45 46 46 17 18 10 10 17 18 10 10 17 18 10 10 17 18 11 12 10 10 38 39 64 53 59 60 0 1 0 1 2 3 13 14,
15 16 17 18 15 16 10 10 15 16 17 18 35 36 10 10 22 23 17 18 33 34 10 10 15 16 17 18 35 36 10 10 15 16 17 18 33 34 10 10 52 40 53 54 54 54 65 66 17 18 15 16 24 25 17 18 67 68 54 54 54 54 54 54 17 18 10 10 17 18 10 10 17 18 10 10 17 18 24 25 10 10 52 40 53 69 65 66 15 16 15 16 17 18 26 14,
0 1 17 18 0 1 10 10 8 9 17 18 0 1 10 10 11 12 17 18 29 30 10 10 0 1 17 18 0 1 10 10 11 12 17 18 29 30 38 39 64 53 59 60 8 9 0 1 17 18 0 1 0 1 17 18 0 1 17 18 8 9 8 9 17 18 10 10 17 18 10 10 17 18 10 10 17 18 8 9 38 39 64 53 59 60 8 9 0 1 0 1 17 18 13 14,
15 16 17 18 15 16 10 10 22 23 17 18 15 16 10 10 24 25 17 18 35 36 10 10 15 16 17 18 15 16 10 10 24 25 17 18 35 36 52 40 53 69 65 66 22 23 15 16 17 18 15 16 15 16 17 18 15 16 17 18 22 23 22 23 17 18 10 10 17 18 10 10 17 18 10 10 17 18 22 23 52 40 53 69 65 66 22 23 15 16 15 16 17 18 26 14,
44 45 42 43 44 45 44 45 44 45 42 43 44 45 44 45 44 45 42 43 44 45 44 45 44 45 42 43 44 45 44 45 44 45 42 43 44 45 58 53 44 45 44 45 44 45 44 45 42 43 44 45 44 45 42 43 44 45 42 43 44 45 44 45 42 43 44 45 42 43 44 45 42 43 44 45 42 43 44 45 58 53 44 45 44 45 44 45 44 45 44 45 42 43 70 14,
54 54 54 54 54 54 54 54 54 54 54 54 54 54 54 54 54 54 54 54 54 54 54 54 54 54 54 54 54 54 54 54 54 54 54 54 54 54 54 54 54 54 54 54 54 54 54 54 54 54 54 54 54 54 54 54 54 54 54 54 54 54 54 54 54 54 54 54 54 54 54 54 54 54 54 54 54 54 54 54 54 54 54 54 54 54 54 54 54 54 54 54 54 54 54 54
