0  1  2  3  1  1  1  1  4  1  5  6  2  3  0  0,
0  10 11 12 10 10 13 14 10 10 15 16 11 12 0 0,
0  10 11 12 10 10 14 10 10 10 19 20 11 12 0 0,
0  0 11 12 13 14 21 22 23 24 10 10 11 12 0 0,
0  0 0 0 0 0 0 0 0 0 10 10 11 25 26 0,
0  0 11 12 15 16 10 10 10 10 10 10 11 25 26 0,
0  0 11 12 19 20 10 10 10 10 27 0 0 0 0 0,
28 29 11 12 10 10 10 10 13 14 10 10 30 29 0 0,
31 32 11 12 10 10 10 10 14 10 10 10 21 22 0 0,
33 34 11 12 21 22 13 14 23 24 23 24 21 22 0 0,
0  0 0 0 0 0 0 0 0 0 0 0 0 0 0 0,
35 36 36 36 36 36 36 36 36 36 36 36 36 36 36 37
