0 1 1 1 1 1 2 3 1 1 1 1 1 1 1 1 2 4 1 1 2 4 1 1 1 1 1 1 1 1 1 5,
0 1 1 1 1 1 2 3 1 1 1 1 1 1 1 1 6 4 1 1 6 4 1 1 1 1 1 1 1 1 7 7,
8 1 1 9 1 1 2 4 1 1 10 1 10 1 10 1 2 4 1 9 2 3 1 1 1 1 10 1 10 1 1 11,
8 1 12 13 1 1 6 4 1 1 1 1 1 1 1 1 6 4 12 13 2 3 1 1 1 1 1 1 1 1 1 14,
8 1 1 1 1 1 15 16 1 1 1 1 17 18 17 18 2 3 17 18 2 3 1 1 1 9 1 1 1 1 1 19,
7 7 7 7 7 7 7 7 1 1 1 1 8 20 8 20 2 3 8 20 2 3 1 1 12 13 7 7 7 7 7 7,
0 1 17 18 17 18 2 3 1 1 21 22 1 1 17 18 23 24 23 24 7 7 1 1 21 22 1 1 1 9 25 26,
0 1 8 20 8 20 2 3 7 7 7 27 28 29 8 20 24 24 24 24 30 31 7 7 7 27 28 29 12 13 25 26,
0 1 1 1 1 1 2 4 17 18 2 3 32 22 1 1 23 24 23 24 2 4 17 18 2 3 32 22 1 1 25 26,
0 1 1 1 1 1 6 4 8 20 2 3 33 32 28 29 24 24 24 24 6 4 8 20 2 3 33 32 28 29 25 26,
0 1 21 22 1 1 15 16 1 1 15 16 1 5 32 34 23 24 23 24 15 16 21 22 15 16 1 5 32 34 35 26,
7 7 7 27 7 7 7 7 7 7 7 7 7 7 7 7 24 24 24 24 7 7 7 27 7 7 7 7 7 7 7 7
