0 0 1 1 1 1 1 1 1 1 1 1 2 3 4 5 4 5 4 5 4 5 4 5 4 5 4 5 4 5 4 5 4 5 4 5 4 5 4 5 4 5 4 5 4 5 0 0,
0 0 1 1 1 1 6 7 1 1 1 1 2 3 8 9 8 9 8 9 8 9 8 9 8 9 8 9 8 9 8 9 8 9 8 9 8 9 8 9 8 9 8 9 8 9 0 0,
0 0 1 1 1 1 10 10 1 1 1 1 2 3 4 5 4 5 11 12 13 14 11 12 15 16 11 12 15 16 11 12 15 16 11 12 15 16 11 12 15 16 11 12 17 17 0 0,
0 0 1 1 18 19 10 10 18 19 1 1 2 3 8 9 8 9 1 1 2 3 1 1 2 3 1 1 2 3 1 1 2 3 1 1 2 3 1 1 2 3 1 1 17 17 0 0,
0 0 1 1 20 21 10 10 20 21 1 1 2 3 17 17 17 17 22 23 2 3 22 23 2 3 22 23 2 3 22 23 2 3 22 23 2 3 22 23 2 3 22 23 17 17 0 0,
0 0 18 19 20 21 10 10 20 21 18 19 2 3 17 17 17 17 24 25 2 3 24 25 2 3 24 25 2 3 24 25 2 3 24 25 2 3 24 25 2 3 24 25 17 17 0 0,
26 27 20 21 20 21 28 29 20 21 20 21 2 3 17 17 17 17 30 25 2 3 30 25 2 3 30 25 2 3 30 25 2 3 30 25 2 3 30 25 2 3 30 25 17 17 0 0,
31 32 20 21 20 21 33 34 20 21 20 21 2 3 17 17 17 17 24 25 2 3 24 25 2 3 24 25 2 3 24 25 2 3 24 25 2 3 24 25 2 3 24 25 17 17 0 0,
35 36 37 38 37 38 39 40 37 38 37 38 2 3 0 0 0 0 0 0 0 0 0 0 0 0 0 0 0 0 0 0 0 0 0 0 0 0 0 0 0 0 0 0 17 17 0 0,
0 0 0 0 0 0 0 0 0 0 0 0 0 0 17 17 17 17 17 17 17 17 17 17 17 17 17 17 17 17 17 17 17 17 17 17 17 17 17 17 17 17 17 17 41 0 0 0,
4 5 4 5 4 5 4 5 4 5 4 5 4 5 4 5 4 5 11 12 15 16 11 12 15 16 11 12 15 16 11 12 15 16 11 12 15 16 11 12 15 16 42 43 17 17 0 0,
8 9 8 9 8 9 8 9 8 9 8 9 8 9 8 9 8 9 1 1 2 3 1 1 2 3 1 1 2 3 1 1 2 3 1 1 2 3 1 1 2 3 43 17 17 17 0 0
