0 1 2 3 4 5 6 7 8 9 4 10 2 11 8 12 6 7 8 1 2 13 6 7 8 8 8 1 2 14 15,
0 16 17 18 19 20 6 7 8 21 19 22 17 23 8 12 6 7 8 16 17 24 6 7 8 8 8 16 17 25 15,
26 27 4 28 8 12 6 29 30 31 2 11 8 8 8 12 6 32 2 11 8 12 6 29 30 31 2 11 8 33 15,
34 35 19 36 8 12 6 37 38 39 17 23 8 8 8 12 6 29 17 23 8 12 6 37 38 39 17 23 8 33 15,
40 41 8 1 2 13 6 37 38 42 8 8 43 44 43 45 6 46 4 28 8 12 6 37 38 42 43 44 8 33 15,
15 0 8 16 17 25 15 15 15 0 8 33 15 15 15 15 15 47 19 36 8 33 15 15 15 15 15 0 8 33 15,
0 8 8 48 38 49 6 50 15 0 8 8 8 33 15 15 0 8 43 51 30 52 15 53 4 54 30 55 8 33 15,
0 8 8 33 15 56 6 50 15 0 8 8 8 33 15 15 0 33 15 57 38 58 15 47 19 59 38 60 61 15 15,
0 1 2 3 4 5 6 50 15 0 8 1 2 14 15 15 0 8 8 48 38 58 15 0 8 8 62 63 6 50 15,
0 16 17 18 19 20 6 50 15 0 8 16 17 25 15 15 0 8 8 33 15 15 15 0 8 64 65 12 6 50 15,
0 16 30 55 8 12 6 50 15 0 8 8 8 33 15 15 0 8 8 8 8 8 8 8 62 65 8 12 6 50 15,
0 48 38 42 8 12 6 50 15 0 8 8 8 33 15 66 0 8 8 8 8 8 8 64 65 8 8 12 6 50 15
