0 0 1 2 3 4 1 2 5 5 1 2 5 5 1 2 5 5 1 2 5 5 5 5 5 5 1 2 6 7 1 2 5 5 1 2 5 5 1 2 5 5 1 2 5 5 1 2,
0 0 1 2 4 5 1 2 5 5 1 2 5 5 1 2 5 5 1 2 5 5 5 5 5 5 1 2 8 9 1 2 5 5 1 2 5 5 1 2 5 5 1 2 5 5 1 2,
0 0 1 10 5 5 1 2 5 5 1 2 11 12 1 2 5 5 1 2 5 5 5 5 6 7 1 2 5 5 1 2 5 5 1 2 5 5 1 2 5 5 1 2 5 5 1 2,
0 0 0 0 5 5 1 2 5 5 1 2 13 14 1 2 5 5 0 0 5 5 5 5 8 9 1 2 5 5 1 2 5 5 1 2 5 5 1 2 5 5 1 2 5 5 1 2,
0 0 1 2 15 16 1 2 15 16 1 2 13 14 1 2 15 16 1 2 15 16 13 14 13 14 1 2 15 16 1 2 15 16 1 2 13 14 1 2 13 14 1 2 15 16 1 2,
0 0 0 0 0 0 0 0 0 0 0 0 0 0 0 0 0 0 1 2 0 0 0 0 0 0 0 0 0 0 0 0 0 0 0 0 0 0 0 0 0 0 0 0 0 0 0 0,
0 0 1 2 17 18 19 20 17 18 19 20 17 18 19 20 17 18 19 20 17 18 19 20 17 18 19 20 17 18 19 20 17 18 19 20 17 18 19 20 17 18 19 20 17 18 0 0,
0 0 1 2 21 21 1 2 21 21 1 2 21 21 1 2 21 21 1 2 21 21 1 2 21 21 1 2 21 21 1 2 21 21 1 2 21 21 1 2 21 21 1 2 21 21 0 0,
0 0 1 2 6 7 1 2 6 7 1 2 6 7 1 2 6 7 1 2 6 7 1 2 6 7 1 2 6 7 1 2 6 7 1 2 6 7 1 2 6 7 1 2 6 7 0 0,
0 0 1 2 8 9 1 2 8 9 1 2 8 9 1 2 8 9 1 2 8 9 1 2 8 9 1 2 8 9 1 2 8 9 1 2 8 9 1 2 8 9 1 2 8 9 0 0,
0 0 1 2 22 23 1 2 5 5 1 2 22 23 1 2 22 23 1 2 11 12 1 2 5 5 1 2 22 23 1 2 5 5 1 2 22 23 1 2 5 5 1 2 22 23 0 0,
0 0 1 2 24 25 1 2 5 5 1 2 24 25 1 2 24 25 1 2 13 14 1 2 5 5 1 2 24 25 1 2 5 5 1 2 24 25 1 2 5 5 1 2 24 25 0 0
