0 0 1 2 1 2 1 2 1 2 1 2 1 2 1 2 3 3 4 4 5 6 4 4 5 6 4 4 5 6 4 4 7 8 9 10 7 8 9 10 3 3 11 12 3 3 0 0,
0 0 13 14 13 14 13 14 13 14 13 14 13 14 13 14 3 3 4 4 5 6 4 4 5 6 4 4 5 6 4 4 5 6 4 4 5 6 4 4 3 3 12 3 3 3 0 0,
0 0 9 10 7 8 9 10 7 8 9 10 7 8 9 10 15 16 4 4 5 6 4 4 5 6 4 4 5 6 4 4 5 6 4 4 5 6 4 4 11 12 15 16 17 18 0 0,
0 0 4 4 5 6 4 4 5 6 4 4 5 6 4 4 0 0 0 0 0 0 0 0 0 0 0 0 0 0 0 0 0 0 0 0 0 0 0 0 0 0 0 0 0 0 0 0,
0 0 19 19 5 6 19 19 5 6 19 19 5 6 4 4 3 3 9 10 7 8 20 21 7 8 20 21 7 8 20 21 7 8 9 10 7 8 9 10 5 6 3 3 3 3 22 23,
0 0 19 19 5 6 19 19 5 6 19 19 5 6 0 0 3 3 4 4 5 6 24 24 5 6 24 24 5 6 24 24 5 6 4 4 5 6 4 4 5 6 3 3 3 3 25 26,
0 0 19 19 5 6 19 19 5 6 27 28 0 0 3 3 29 30 4 4 5 6 24 24 5 6 24 24 5 6 24 24 5 6 19 19 5 6 19 19 5 6 3 3 15 16 17 18,
0 0 19 19 5 6 19 19 5 6 28 3 3 3 3 3 15 16 4 4 5 6 24 24 5 6 24 24 5 6 24 24 5 6 19 19 5 6 19 19 5 6 3 3 0 0 0 0,
0 0 19 31 5 6 19 31 0 0 15 16 17 18 17 18 15 16 4 4 5 6 24 24 5 6 24 24 5 6 24 24 5 6 19 19 5 6 19 19 5 6 0 0 0 0 0 0,
0 0 0 0 0 0 0 0 0 0 0 0 0 0 0 0 0 0 0 0 0 0 0 0 0 0 0 0 0 0 0 0 5 6 19 19 5 6 19 19 5 6 0 0 0 0 0 0,
0 0 1 2 1 2 1 2 1 2 1 2 1 2 1 2 1 2 1 2 1 2 1 2 1 2 1 2 1 2 0 0 5 6 19 31 5 6 19 31 5 6 0 0 0 0 0 0,
0 0 13 14 13 14 13 14 13 14 13 14 13 14 13 14 13 14 13 14 13 14 13 14 13 14 13 14 13 14 0 0 0 0 0 0 0 0 0 0 0 0 0 0 0 0 0 0
