0 0 1 2 3 4 1 2 5 5 1 2 3 4 1 2 6 7 5 5 5 5 8 9 5 5 1 2 3 4 1 2 5 5 1 2 5 5 1 2 5 5 1 2 3 4 0 0,
0 0 1 2 10 11 1 2 5 5 1 2 10 11 1 2 12 13 5 5 5 5 14 15 5 5 1 2 10 11 1 2 5 5 1 2 5 5 1 2 5 5 1 2 10 11 0 0,
0 0 1 2 5 5 1 2 3 4 1 2 5 5 1 2 8 9 5 5 5 5 5 5 3 4 1 2 8 9 1 2 5 5 1 2 5 5 1 2 3 4 1 2 6 7 0 0,
0 0 1 2 5 5 1 2 10 11 1 2 5 5 1 2 14 15 5 5 5 5 5 5 10 11 1 2 14 15 1 2 5 5 1 2 5 5 0 0 10 11 1 2 12 13 0 0,
16 7 1 2 17 18 1 2 17 18 1 2 17 18 1 2 5 5 5 5 3 4 17 18 5 5 1 2 6 7 1 2 17 18 1 2 3 4 1 2 17 18 1 2 12 13 0 0,
19 20 1 2 0 0 0 0 0 0 0 0 0 0 0 0 5 5 5 5 10 11 0 0 5 5 1 2 12 13 0 0 0 0 0 0 10 11 1 2 0 0 0 0 0 0 0 0,
21 22 1 2 8 9 23 24 25 26 23 24 25 26 23 24 5 5 5 5 5 5 23 24 6 7 27 28 25 26 23 24 25 26 1 2 12 13 27 28 25 26 23 24 25 26 0 0,
0 0 0 0 14 15 1 2 29 29 1 2 29 29 1 2 5 5 5 5 5 5 1 2 12 13 1 2 29 29 1 2 29 29 1 2 0 0 1 2 29 29 1 2 29 29 0 0,
0 0 27 28 3 4 1 2 5 5 1 2 5 5 1 2 12 13 3 4 17 18 1 2 30 31 1 2 12 13 1 2 17 18 1 2 17 18 1 2 17 18 1 2 17 18 0 0,
0 0 1 2 10 11 1 2 5 5 1 2 5 5 0 0 0 0 10 11 0 0 0 0 32 33 0 0 0 0 0 0 0 0 0 0 0 0 0 0 0 0 0 0 0 0 0 0,
0 0 1 2 34 35 0 0 8 9 0 0 25 26 23 24 25 26 29 29 25 26 23 24 29 29 23 24 25 26 23 24 25 26 23 24 25 26 23 24 25 26 23 24 25 26 0 0,
0 0 1 2 35 5 27 36 14 15 27 36 29 29 1 2 29 29 29 29 29 29 1 2 29 29 1 2 29 29 1 2 29 29 1 2 29 29 1 2 29 29 1 2 29 29 0 0
